[[[ 87  92  91]
  [ 88  93  92]
  [ 85  90  89]
  ...
  [ 97 100  98]
  [ 96  98  97]
  [ 95  98  96]]

 [[ 86  91  90]
  [ 87  92  90]
  [ 87  92  91]
  ...
  [ 97 100  98]
  [ 96  98  96]
  [ 95  98  96]]

 [[ 88  93  92]
  [ 82  87  86]
  [ 82  87  86]
  ...
  [ 94  97  95]
  [ 93  96  94]
  [ 92  95  93]]

 ...

 [[ 23  29  28]
  [ 22  28  27]
  [ 20  26  25]
  ...
  [ 45  46  44]
  [ 48  49  47]
  [ 46  47  45]]

 [[ 21  26  26]
  [ 20  26  25]
  [ 18  24  23]
  ...
  [ 45  46  44]
  [ 46  47  45]
  [ 51  52  50]]

 [[ 17  23  22]
  [ 17  23  22]
  [ 15  21  20]
  ...
  [ 49  50  48]
  [ 51  52  49]
  [ 50  51  49]]][[[ 87  92  91]
  [ 88  93  92]
  [ 85  90  89]
  ...
  [ 97 100  98]
  [ 96  98  97]
  [ 95  98  96]]

 [[ 86  91  90]
  [ 87  92  90]
  [ 87  92  91]
  ...
  [ 97 100  98]
  [ 96  98  96]
  [ 95  98  96]]

 [[ 88  93  92]
  [ 82  87  86]
  [ 82  87  86]
  ...
  [ 94  97  95]
  [ 93  96  94]
  [ 92  95  93]]

 ...

 [[ 23  29  28]
  [ 22  28  27]
  [ 20  26  25]
  ...
  [ 45  46  44]
  [ 48  49  47]
  [ 46  47  45]]

 [[ 21  26  26]
  [ 20  26  25]
  [ 18  24  23]
  ...
  [ 45  46  44]
  [ 46  47  45]
  [ 51  52  50]]

 [[ 17  23  22]
  [ 17  23  22]
  [ 15  21  20]
  ...
  [ 49  50  48]
  [ 51  52  49]
  [ 50  51  49]]]