[[[ 20  67 184]
  [100 147 242]
  [244 232 162]
  ...
  [210 164  82]
  [ 60  27 139]
  [166   2 112]]

 [[ 61  79  88]
  [ 23 128  52]
  [212 166  83]
  ...
  [ 37 236  40]
  [248 100 146]
  [ 92 175 228]]

 [[ 70 102 103]
  [177 176 156]
  [ 29  18 177]
  ...
  [173 214  57]
  [240  39 187]
  [ 43 242 104]]

 ...

 [[241 223  70]
  [167 112 138]
  [ 12   4  99]
  ...
  [ 22  40  81]
  [219 247 192]
  [ 96 215 144]]

 [[  0 173 222]
  [  3 188 166]
  [117  71 185]
  ...
  [ 79 229  97]
  [135  77 138]
  [ 59   8  20]]

 [[195 109  37]
  [ 39 140 242]
  [215  19 178]
  ...
  [ 60   9  73]
  [209 128 236]
  [222  52 213]]]